100	0.000036	0.000003	0.000006	0.000010	0.000005		0.000005		0.000010	0.000007
200	0.000106	0.000020	0.000015	0.000045	0.000020		0.000020		0.000034	0.000030
300	0.000215	0.000017	0.000027	0.000106	0.000053		0.000053		0.000063	0.000060
400	0.000374	0.000028	0.000038	0.000174	0.000095		0.000092		0.000106	0.000101
500	0.000534	0.000036	0.000047	0.000267	0.000137		0.000137		0.000161	0.000140
600	0.000781	0.000041	0.000061	0.000384	0.000204		0.000210		0.000198	0.000200
700	0.001047	0.000050	0.000075	0.000525	0.000275		0.000270		0.000263	0.000267
800	0.001335	0.000057	0.000086	0.000699	0.000363		0.000368		0.000336	0.000328
900	0.001723	0.000069	0.000105	0.000854	0.000455		0.000445		0.000409	0.000412
1000	0.002126	0.000079	0.000107	0.001072	0.000553		0.000555		0.000489	0.000497
1100	0.002513	0.000087	0.000120	0.001278	0.000651		0.000684		0.000562	0.000567
1200	0.002997	0.000093	0.000142	0.001512	0.000801		0.000796		0.000692	0.000686
1300	0.003490	0.000110	0.000141	0.001763	0.000925		0.000919		0.000782	0.000785
1400	0.004060	0.000111	0.000155	0.002051	0.001088		0.001081		0.000913	0.000928
1500	0.004732	0.000120	0.000168	0.002334	0.001262		0.001252		0.001052	0.001036
1600	0.005352	0.000133	0.000185	0.002656	0.001409		0.001412		0.001158	0.001172
1700	0.006047	0.000140	0.000192	0.002999	0.001592		0.001596		0.001288	0.001305
1800	0.006858	0.000155	0.000203	0.003343	0.001825		0.001817		0.001466	0.001469
1900	0.007618	0.000171	0.000220	0.003742	0.001984		0.001978		0.001583	0.001588
2000	0.008421	0.000172	0.000231	0.004129	0.002181		0.002189		0.001743	0.001732
2100	0.009350	0.000186	0.000249	0.004540	0.002398		0.002409		0.001917	0.001950
2200	0.010316	0.000186	0.000263	0.005009	0.002680		0.002708		0.002096	0.002103
2300	0.011512	0.000196	0.000268	0.005436	0.003009		0.002989		0.002292	0.002288
2400	0.012472	0.000207	0.000290	0.005915	0.003136		0.003124		0.002443	0.002449
2500	0.013381	0.000212	0.000295	0.006420	0.003393		0.003358		0.002636	0.002634
2600	0.014699	0.000233	0.000310	0.006941	0.003712		0.003710		0.002834	0.002849
2700	0.015820	0.000230	0.000328	0.007507	0.003919		0.003914		0.003034	0.003024
2800	0.017147	0.000251	0.000336	0.008079	0.004676		0.004183		0.003205	0.003230
2900	0.018629	0.000258	0.000352	0.008637	0.004596		0.004577		0.003533	0.003488
3000	0.020164	0.000264	0.000370	0.009199	0.005045		0.005011		0.003781	0.003775
3100	0.021224	0.000274	0.000379	0.009876	0.005067		0.005096		0.003882	0.003877
3200	0.023250	0.000292	0.000387	0.010490	0.005771		0.005693		0.007444	0.004328
3300	0.024606	0.000292	0.000398	0.011105	0.008240		0.005998		0.004502	0.004483
3400	0.026078	0.000306	0.000418	0.011864	0.006219		0.006216		0.004669	0.004683
3500	0.028178	0.000315	0.000436	0.012577	0.006688		0.006699		0.005049	0.005065
3600	0.030107	0.000332	0.000448	0.013248	0.007155		0.007400		0.005355	0.005264
3700	0.031630	0.000333	0.000452	0.013967	0.007455		0.007525		0.005589	0.005534
3800	0.033819	0.000342	0.000475	0.014746	0.007986		0.008611		0.005921	0.005898
3900	0.035533	0.000357	0.000493	0.015550	0.008255		0.008248		0.006142	0.006124
4000	0.037763	0.000359	0.000508	0.016325	0.008751		0.008791		0.006514	0.006470
4100	0.039852	0.000376	0.000519	0.017145	0.009175		0.009202		0.006759	0.006765
4200	0.042062	0.000385	0.000527	0.018121	0.009564		0.009597		0.007165	0.007106
4300	0.043836	0.000388	0.000553	0.018889	0.009904		0.009947		0.007317	0.007318
4400	0.046635	0.000411	0.000558	0.019746	0.010512		0.010500		0.007924	0.007740
4500	0.048821	0.000409	0.000579	0.020596	0.011058		0.011046		0.008114	0.008101
4600	0.051009	0.000423	0.000591	0.021541	0.011584		0.011576		0.008503	0.008553
4700	0.053297	0.000433	0.000606	0.022529	0.012005		0.012030		0.008836	0.008825
4800	0.056944	0.000439	0.000630	0.023436	0.012574		0.012541		0.009152	0.009195
4900	0.059924	0.000458	0.000629	0.024444	0.012951		0.012837		0.009341	0.009379
5000	0.061833	0.000457	0.000642	0.025530	0.013565		0.013544		0.009918	0.010135
5100	0.066281	0.000492	0.000662	0.027367	0.014520		0.014614		0.010408	0.010438
5200	0.068054	0.000498	0.000684	0.027957	0.014869		0.014656		0.010580	0.010703
5300	0.070790	0.000491	0.000685	0.028718	0.015247		0.015482		0.011064	0.011084
5400	0.081174	0.000501	0.000696	0.029872	0.016100		0.016100		0.011638	0.011661
5500	0.076584	0.000534	0.000720	0.031608	0.016475		0.016369		0.011817	0.012000
5600	0.079386	0.000524	0.000727	0.032251	0.017053		0.016857		0.012287	0.012177
5700	0.083082	0.000550	0.000740	0.033217	0.017988		0.017906		0.012930	0.012968
5800	0.089554	0.000534	0.000766	0.034838	0.018356		0.018354		0.013321	0.013211
5900	0.096838	0.000563	0.000795	0.037500	0.019726		0.020261		0.015654	0.014674
6000	0.093228	0.000587	0.000822	0.036976	0.019738		0.019905		0.014215	0.014344
6100	0.095616	0.000580	0.000789	0.037914	0.020028		0.019919		0.014329	0.014306
6200	0.099901	0.000581	0.000820	0.039169	0.020563		0.020690		0.014827	0.014786
6300	0.103031	0.000636	0.000847	0.040335	0.021659		0.021644		0.015536	0.015619
6400	0.105870	0.000615	0.000858	0.041725	0.022158		0.022127		0.015908	0.015894
6500	0.109953	0.000613	0.000861	0.043041	0.022858		0.022806		0.016531	0.016342
6600	0.114437	0.000643	0.000875	0.044276	0.023768		0.023731		0.016979	0.016981
6700	0.116862	0.000625	0.000896	0.045583	0.024488		0.024526		0.017569	0.017734
6800	0.128111	0.000635	0.000900	0.046944	0.026372		0.027044		0.017871	0.017876
6900	0.125743	0.000646	0.000930	0.048468	0.025982		0.025958		0.018590	0.018660
7000	0.129254	0.000688	0.000965	0.050003	0.027141		0.026746		0.019118	0.019087
7100	0.135188	0.000686	0.000944	0.051118	0.031409		0.027333		0.019460	0.019417
7200	0.139983	0.000686	0.000971	0.052790	0.028352		0.028818		0.020256	0.020245
7300	0.142651	0.000699	0.000980	0.054001	0.028568		0.030226		0.020304	0.020349
7400	0.145814	0.000711	0.001001	0.055557	0.029609		0.029573		0.021127	0.021226
7500	0.150395	0.000722	0.001011	0.057312	0.031171		0.030989		0.021938	0.022043
7600	0.155409	0.000730	0.001038	0.058581	0.031436		0.031447		0.022562	0.022464
7700	0.161251	0.000765	0.001043	0.060191	0.032152		0.032212		0.022823	0.022932
7800	0.163285	0.000754	0.001054	0.061790	0.033338		0.033458		0.023878	0.023710
7900	0.169364	0.000759	0.001056	0.065177	0.033648		0.033601		0.027185	0.024030
8000	0.173422	0.000764	0.001093	0.064901	0.034700		0.037779		0.024527	0.024796
8100	0.176767	0.000781	0.001085	0.067178	0.035245		0.035352		0.025170	0.025142
8200	0.181642	0.000796	0.001154	0.068486	0.036823		0.036841		0.026147	0.026031
8300	0.187893	0.000807	0.001160	0.070095	0.037730		0.037645		0.026932	0.026748
8400	0.190523	0.000828	0.001179	0.071531	0.038450		0.038149		0.027107	0.026975
8500	0.195921	0.000868	0.001190	0.073271	0.039072		0.039296		0.027713	0.027765
8600	0.202887	0.000815	0.001208	0.075132	0.039943		0.039895		0.028306	0.028263
8700	0.205680	0.000843	0.001234	0.076949	0.040943		0.040733		0.029543	0.028997
8800	0.212460	0.000846	0.001248	0.078532	0.041910		0.041743		0.029921	0.029660
8900	0.219954	0.000876	0.001267	0.080490	0.043662		0.043501		0.030692	0.030649
9000	0.221434	0.000862	0.001295	0.082098	0.045126		0.043853		0.030996	0.030986
9100	0.229137	0.000879	0.001293	0.084162	0.045136		0.045313		0.031841	0.031902
9200	0.233111	0.000892	0.001291	0.086211	0.046049		0.045889		0.032373	0.032421
9300	0.238695	0.000884	0.001350	0.088663	0.046768		0.046912		0.033046	0.033127
9400	0.245273	0.000926	0.001387	0.090529	0.048426		0.048391		0.034112	0.034618
9500	0.250347	0.000941	0.001380	0.091934	0.048760		0.048865		0.034739	0.034731
9600	0.256697	0.000923	0.001397	0.094132	0.050206		0.050161		0.035869	0.036271
9700	0.259576	0.000951	0.001402	0.095444	0.051204		0.051313		0.036156	0.036163
9800	0.269560	0.000951	0.001456	0.097711	0.051975		0.052128		0.036894	0.036988
9900	0.275167	0.000977	0.001439	0.100893	0.054049		0.053894		0.037980	0.037943
10000	0.278270	0.000988	0.001459	0.102256	0.055181		0.054376		0.038072	0.038522
		BubbleSort	MergeSort	QuickSort	SleletionSort	InsertionSort	ShellSort	BinaryInsertionSort		BogoSort